largura = 11
altura = 8

R
00000000000
00000000000
00000000000
00010001000
00000000000
00000000000
00000000000
00000000000

0000000000000000000000000000000000001000100000000000000000000000000000000000000000000000

G
00100000100
00010001000
00111111100
01111111110
11111111111
10111111101
10100000101
00011011000

0010000010000010001000001111111000111111111011111111111101111111011010000010100011011000

B
00000000000
00000000000
00000000000
00010001000
00000000000
00000000000
00000000000
00000000000

0000000000000000000000000000000000001000100000000000000000000000000000000000000000000000




