
R:
000000010000000
000000010000000
000000010000000
000000111000000
000000111000000
000000111000000
000000111000000
000101111101000
000101101101000
000011000110000
100111010111001
101111111111101
111110111011111
111000111000111
110000010000011
100000010000001

000000010000000000000010000000000000010000000000000111000000000000111000000000000111000000000000111000000000101111101000000101101101000000011000110000100111010111001101111111111101111110111011111111000111000111110000010000011100000010000001

G:
000000010000000
000000010000000
000000010000000
000000111000000
000000111000000
000100111001000
000100111001000
000101111101000
100101111101001
100011111110001
100111111111001
101111111111101
111111111111111
111011111110111
110011010110011
100000010000001

000000010000000000000010000000000000010000000000000111000000000000111000000000100111001000000100111001000000101111101000100101111101001100011111110001100111111111001101111111111101111111111111111111011111110111110011010110011100000010000001

B:
000000010000000
000000010000000
000000010000000
000000111000000
000000111000000
000000111000000
000000111000000
000101111101000
000111101111000
000111000111000
100111010111001
101111111111101
111110111011111
111000111000111
110000010000011
100000010000001

000000010000000000000010000000000000010000000000000111000000000000111000000000000111000000000000111000000000101111101000000111101111000000111000111000100111010111001101111111111101111110111011111111000111000111110000010000011100000010000001

largura = 15
altura = 17


