+----------------------------------------------------------------------------------------------------------------------------------------------------------------------------------------------------------------------------------------------------------------------+
; Legal Partition Candidates                                                                                                                                                                                                                                           ;
+-----------------------------------------------------------------+-------+----------------+--------------+----------------+--------+-----------------+---------------+-----------------+-------+----------------+--------------+------------------+-------------------+
; Hierarchy                                                       ; Input ; Constant Input ; Unused Input ; Floating Input ; Output ; Constant Output ; Unused Output ; Floating Output ; Bidir ; Constant Bidir ; Unused Bidir ; Input only Bidir ; Output only Bidir ;
+-----------------------------------------------------------------+-------+----------------+--------------+----------------+--------+-----------------+---------------+-----------------+-------+----------------+--------------+------------------+-------------------+
; telaInstancia|buffer_fundo                                      ; 1269  ; 1220           ; 0            ; 1220           ; 3      ; 1220            ; 1220          ; 1220            ; 0     ; 0              ; 0            ; 0                ; 0                 ;
; telaInstancia|buffer_coracao                                    ; 1269  ; 1257           ; 0            ; 1257           ; 13     ; 1257            ; 1257          ; 1257            ; 0     ; 0              ; 0            ; 0                ; 0                 ;
; telaInstancia|buffer_inimigo2                                   ; 1269  ; 1237           ; 0            ; 1237           ; 13     ; 1237            ; 1237          ; 1237            ; 0     ; 0              ; 0            ; 0                ; 0                 ;
; telaInstancia|buffer_inimigo1                                   ; 1269  ; 1237           ; 0            ; 1237           ; 13     ; 1237            ; 1237          ; 1237            ; 0     ; 0              ; 0            ; 0                ; 0                 ;
; telaInstancia|buffer_nave                                       ; 1269  ; 1237           ; 0            ; 1237           ; 13     ; 1237            ; 1237          ; 1237            ; 0     ; 0              ; 0            ; 0                ; 0                 ;
; telaInstancia                                                   ; 210   ; 1              ; 94           ; 1              ; 24     ; 1               ; 1             ; 1               ; 0     ; 0              ; 0            ; 0                ; 0                 ;
; keysInstancia                                                   ; 5     ; 0              ; 0            ; 0              ; 4      ; 0               ; 0             ; 0               ; 0     ; 0              ; 0            ; 0                ; 0                 ;
; v                                                               ; 2     ; 2              ; 0            ; 2              ; 26     ; 2               ; 2             ; 2               ; 0     ; 0              ; 0            ; 0                ; 0                 ;
; entitiesInstancia|bolaAliada                                    ; 36    ; 23             ; 1            ; 23             ; 31     ; 23              ; 23            ; 23              ; 0     ; 0              ; 0            ; 0                ; 0                 ;
; entitiesInstancia|controladorInimigosInstancia|inimigos[4].inim ; 46    ; 20             ; 0            ; 20             ; 21     ; 20              ; 20            ; 20              ; 0     ; 0              ; 0            ; 0                ; 0                 ;
; entitiesInstancia|controladorInimigosInstancia|inimigos[3].inim ; 46    ; 20             ; 0            ; 20             ; 21     ; 20              ; 20            ; 20              ; 0     ; 0              ; 0            ; 0                ; 0                 ;
; entitiesInstancia|controladorInimigosInstancia|inimigos[2].inim ; 46    ; 20             ; 0            ; 20             ; 21     ; 20              ; 20            ; 20              ; 0     ; 0              ; 0            ; 0                ; 0                 ;
; entitiesInstancia|controladorInimigosInstancia|inimigos[1].inim ; 46    ; 20             ; 0            ; 20             ; 21     ; 20              ; 20            ; 20              ; 0     ; 0              ; 0            ; 0                ; 0                 ;
; entitiesInstancia|controladorInimigosInstancia|inimigos[0].inim ; 46    ; 20             ; 0            ; 20             ; 21     ; 20              ; 20            ; 20              ; 0     ; 0              ; 0            ; 0                ; 0                 ;
; entitiesInstancia|controladorInimigosInstancia                  ; 25    ; 51             ; 0            ; 51             ; 105    ; 51              ; 51            ; 51              ; 0     ; 0              ; 0            ; 0                ; 0                 ;
; entitiesInstancia|naveInstancia                                 ; 9     ; 12             ; 2            ; 12             ; 21     ; 12              ; 12            ; 12              ; 0     ; 0              ; 0            ; 0                ; 0                 ;
; entitiesInstancia                                               ; 7     ; 30             ; 0            ; 30             ; 185    ; 30              ; 30            ; 30              ; 0     ; 0              ; 0            ; 0                ; 0                 ;
+-----------------------------------------------------------------+-------+----------------+--------------+----------------+--------+-----------------+---------------+-----------------+-------+----------------+--------------+------------------+-------------------+
