R:
00000000000000000000
00110000000000100000
00110000000001110000
00000000000000100000
00000000000000000000
00000000000000000000
00001000000000000000
00000000000000000000
00000000000000011000
00000000000000011000
11000000000000000000
11000000000000000000
00000000000000000000
00000000000000000000
00000000000001000000
00000000000000000000
00000100000000000000
00001110000000000000
00000100000000000000
00000000100000000000

0000000000000000000000110000000000100000001100000000011100000000000000000010000000000000000000000000000000000000000000000000100000000000000000000000000000000000000000000000000110000000000000000001100011000000000000000000110000000000000000000000000000000000000000000000000000000000000000000000010000000000000000000000000000000100000000000000000011100000000000000000010000000000000000000000100000000000

G:
00000000000000000000
00110000000000100000
00110000000001110000
00000000000000100000
00000000000000000000
00000000000000000000
00001000000000000000
00000000000000000000
00000000000000011000
00000000000000011000
11000000000000000000
11000000000000000000
00000000000000000000
00000000000000000000
00000000000001000000
00000000000000000000
00000100000000000000
00001110000000000000
00000100000000000000
00000000100000000000

0000000000000000000000110000000000100000001100000000011100000000000000000010000000000000000000000000000000000000000000000000100000000000000000000000000000000000000000000000000110000000000000000001100011000000000000000000110000000000000000000000000000000000000000000000000000000000000000000000010000000000000000000000000000000100000000000000000011100000000000000000010000000000000000000000100000000000

B:
00000000000000000000
00110000000000100000
00110000000001110000
00000000000000100000
00000000000000000000
00000000000000000000
00001000000000000000
00000000000000000000
00000000000000011000
00000000000000011000
11000000000000000000
11000000000000000000
00000000000000000000
00000000000000000000
00000000000001000000
00000000000000000000
00000100000000000000
00001110000000000000
00000100000000000000
00000000100000000000

0000000000000000000000110000000000100000001100000000011100000000000000000010000000000000000000000000000000000000000000000000100000000000000000000000000000000000000000000000000110000000000000000001100011000000000000000000110000000000000000000000000000000000000000000000000000000000000000000000010000000000000000000000000000000100000000000000000011100000000000000000010000000000000000000000100000000000

largura = 20
altura = 20