R:
0011001100
0111111110
1111111111
1111111111
1111111111
0111111110
0011111100
0001111000
0000110000
0000000000

0011001100011111111011111111111111111111111111111101111111100011111100000111100000001100000000000000

G:
0011001100
0100110010
1000000101
1000000001
1000000001
0100000010
0010000100
0001001000
0000110000
0000000000

0011001100010011001010000001011000000001100000000101000000100010000100000100100000001100000000000000

B:
0011001100
0100110010
1000000101
1000000001
1000000001
0100000010
0010000100
0001001000
0000110000
0000000000

0011001100010011001010000001011000000001100000000101000000100010000100000100100000001100000000000000

largura = 10
altura = 10