000000010000000
000000010000000
000000010000000
000000111000000
000000111000000
000100111001000
000100111001000
000101111101000
100111111111001
100111111111001
100111111111001
101111111111101
111111111111111
111011111110111
110011010110011
100000010000001

000000000011111
000001000001111
000001100000111
000001110000011
000001111000001
000000000000000
000000000010000
000000000011000
000000000011100
000000000011110
000000000000000
000000000000000
000000000000000
000000000000000
000000000000000
000000000000000


111110010111111
111110010111111
111110010111111
111110111111111
111110111111111
111110111111111
111110111111111
111111111111111
111111111111111
111111111111111
111111111111111
111111111111111
111111111111111
111111111111111
111111010111111
111110010111111

000000010000000000000010000000000000010000000000000111000000000000111000000000100111001000000100111001000000101111101000100111111111001100111111111001100111111111001101111111111101111111111111111111011111110111110011010110011100000010000001

largura = 15
altura = 17


